+0.000    +16.367
+1.000    -15.610
+2.000    +9.928
+3.000    +0.748
+4.000    +6.314
+5.000    +8.664
+6.000    -2.409
+7.000    -9.023
+8.000    -4.609
+9.000    +16.395
+10.000    +4.981
+11.000    +0.769
+12.000    +16.473
+13.000    +24.338
+14.000    +17.361
+15.000    +0.862
+16.000    +25.508
+17.000    +40.052
+18.000    +31.023
+19.000    +20.827
+20.000    +25.454
+21.000    +7.829
+22.000    +1.707
+23.000    +34.903
+24.000    +22.712
+25.000    +44.160
+26.000    +30.449
+27.000    +45.202
+28.000    +18.138
+29.000    +47.142
+30.000    +47.684
+31.000    +20.486
+32.000    +24.550
+33.000    +51.373
+34.000    +46.155
+35.000    +44.741
+36.000    +28.553
+37.000    +40.193
+38.000    +52.440
+39.000    +37.291
+40.000    +45.766
+41.000    +58.233
+42.000    +34.137
+43.000    +55.989
+44.000    +49.919
+45.000    +30.975
+46.000    +53.522
+47.000    +55.852
+48.000    +52.584
+49.000    +52.853
+50.000    +48.769
+51.000    +55.026
+52.000    +51.563
+53.000    +53.427
+54.000    +63.434
+55.000    +69.495
+56.000    +31.734
+57.000    +92.950
+58.000    +45.994
+59.000    +69.914
+60.000    +55.664
+61.000    +51.607
+62.000    +56.670
+63.000    +55.219
+64.000    +40.873
+65.000    +67.007
+66.000    +46.303
+67.000    +71.549
+68.000    +59.598
+69.000    +73.584
+70.000    +60.097
+71.000    +86.551
+72.000    +68.571
+73.000    +71.066
+74.000    +71.866
+75.000    +95.837
+76.000    +69.881
+77.000    +61.666
+78.000    +72.489
+79.000    +68.572
+80.000    +60.580
+81.000    +84.206
+82.000    +68.574
+83.000    +67.640
+84.000    +88.234
+85.000    +73.498
+86.000    +81.500
+87.000    +75.246
+88.000    +84.645
+89.000    +67.961
+90.000    +92.684
+91.000    +62.296
+92.000    +62.562
+93.000    +91.337
+94.000    +51.478
+95.000    +70.172
+96.000    +66.781
+97.000    +69.322
+98.000    +64.934
+99.000    +51.770
+100.000    +69.368
+101.000    +65.522
+102.000    +74.326
+103.000    +74.811
+104.000    +48.745
+105.000    +51.318
+106.000    +55.986
+107.000    +76.105
+108.000    +58.385
+109.000    +59.673
+110.000    +57.008
+111.000    +33.418
+112.000    +57.328
+113.000    +50.300
+114.000    +31.706
+115.000    +56.006
+116.000    +58.752
+117.000    +57.020
+118.000    +65.551
+119.000    +54.244
+120.000    +59.315
+121.000    +47.703
+122.000    +46.480
+123.000    +78.505
+124.000    +53.717
+125.000    +66.227
+126.000    +60.982
+127.000    +57.969
+128.000    +61.542
+129.000    +53.159
+130.000    +65.389
+131.000    +45.136
+132.000    +27.944
+133.000    +41.169
+134.000    +36.056
+135.000    +42.366
+136.000    +49.468
+137.000    +59.453
+138.000    +47.544
+139.000    +45.626
+140.000    +31.070
+141.000    +28.402
+142.000    +50.245
+143.000    +24.452
+144.000    +41.273
+145.000    +39.218
+146.000    +14.899
+147.000    +24.841
+148.000    +41.776
+149.000    +19.778
+150.000    +44.057
+151.000    +34.409
+152.000    +45.234
+153.000    +36.349
+154.000    +21.647
+155.000    +29.172
+156.000    +2.256
+157.000    +18.184
+158.000    +34.216
+159.000    +17.796
+160.000    +9.409
+161.000    +25.894
+162.000    +33.407
+163.000    +7.247
+164.000    +8.456
+165.000    +13.961
+166.000    +15.934
+167.000    +29.483
+168.000    +8.394
+169.000    +13.139
+170.000    +24.643
+171.000    +24.210
+172.000    -11.502
+173.000    +27.338
+174.000    -10.547
+175.000    +8.909
+176.000    -6.952
+177.000    +2.814
+178.000    -6.771
+179.000    -17.326
+180.000    -1.007
+181.000    +30.901
+182.000    -0.618
+183.000    +4.559
+184.000    -12.205
+185.000    +5.159
+186.000    -2.387
+187.000    -13.085
+188.000    +5.808
+189.000    -2.999
+190.000    -24.972
+191.000    -15.269
+192.000    -4.597
+193.000    +2.370
+194.000    -7.444
+195.000    -9.476
+196.000    -5.183
+197.000    -22.029
+198.000    -11.442
+199.000    -33.575
+200.000    -39.632
+201.000    -36.831
+202.000    -14.654
+203.000    -48.692
+204.000    -28.510
+205.000    -52.532
+206.000    -42.615
+207.000    -19.458
+208.000    -29.423
+209.000    -33.292
+210.000    -24.808
+211.000    -39.067
+212.000    -39.295
+213.000    -49.213
+214.000    -46.238
+215.000    -19.934
+216.000    -38.460
+217.000    -49.237
+218.000    -45.357
+219.000    -42.367
+220.000    -48.044
+221.000    -40.161
+222.000    -77.927
+223.000    -33.828
+224.000    -35.800
+225.000    -50.778
+226.000    -64.004
+227.000    -34.154
+228.000    -39.362
+229.000    -53.393
+230.000    -49.753
+231.000    -44.098
+232.000    -54.654
+233.000    -75.325
+234.000    -64.983
+235.000    -51.400
+236.000    -47.234
+237.000    -55.546
+238.000    -54.265
+239.000    -79.867
+240.000    -64.677
+241.000    -81.468
+242.000    -60.833
+243.000    -54.167
+244.000    -62.737
+245.000    -53.299
+246.000    -66.680
+247.000    -74.140
+248.000    -62.089
+249.000    -68.404
+250.000    -74.172
+251.000    -75.704
+252.000    -69.496
+253.000    -84.037
+254.000    -86.818
+255.000    -63.900
+256.000    -78.269
+257.000    -85.104
+258.000    -64.566
+259.000    -66.201
+260.000    -65.343
+261.000    -91.418
+262.000    -87.757
+263.000    -68.380
+264.000    -59.502
+265.000    -72.800
+266.000    -54.669
+267.000    -59.417
+268.000    -89.400
+269.000    -77.675
+270.000    -60.778
+271.000    -57.349
+272.000    -63.068
+273.000    -60.134
+274.000    -72.413
+275.000    -85.661
+276.000    -50.684
+277.000    -67.170
+278.000    -73.430
+279.000    -85.283
+280.000    -69.370
+281.000    -89.073
+282.000    -75.706
+283.000    -63.708
+284.000    -70.641
+285.000    -48.991
+286.000    -66.772
+287.000    -57.993
+288.000    -58.504
+289.000    -57.820
+290.000    -52.112
+291.000    -54.419
+292.000    -63.010
+293.000    -54.742
+294.000    -63.998
+295.000    -59.394
+296.000    -59.388
+297.000    -59.996
+298.000    -72.986
+299.000    -69.246
+300.000    -71.739
+301.000    -52.520
+302.000    -53.235
+303.000    -75.070
+304.000    -71.695
+305.000    -72.038
+306.000    -46.068
+307.000    -52.761
+308.000    -43.193
+309.000    -64.606
+310.000    -54.503
+311.000    -64.180
+312.000    -33.725
+313.000    -28.179
+314.000    -56.437
+315.000    -69.466
+316.000    -43.613
+317.000    -49.458
+318.000    -47.300
+319.000    -30.960
+320.000    -44.522
+321.000    -37.709
+322.000    -60.457
+323.000    -45.709
+324.000    -48.859
+325.000    -50.547
+326.000    -23.095
+327.000    -42.595
+328.000    -51.887
+329.000    -32.512
+330.000    -35.199
+331.000    -16.567
+332.000    -48.081
+333.000    -17.672
+334.000    -29.611
+335.000    -45.183
+336.000    -3.017
+337.000    -36.823
+338.000    -30.413
+339.000    -35.906
+340.000    -18.332
+341.000    -27.907
+342.000    +3.616
+343.000    -25.643
+344.000    -38.518
+345.000    -8.245
+346.000    -31.056
+347.000    -13.341
+348.000    -7.768
+349.000    -17.542
+350.000    -27.448
+351.000    -23.660
+352.000    -9.469
+353.000    -26.131
+354.000    -24.086
+355.000    -12.074
+356.000    -25.513
+357.000    -3.630
+358.000    +10.643
+359.000    +15.339
+360.000    +5.728
+361.000    -24.808
+362.000    -0.286
+363.000    -15.344
+364.000    +5.194
+365.000    +14.478
+366.000    +8.993
+367.000    +21.775
+368.000    +9.608
+369.000    +0.681
+370.000    +14.733
+371.000    +17.536
+372.000    +20.569
+373.000    +7.605
+374.000    +1.293
+375.000    +34.762
+376.000    +6.822
+377.000    -0.631
+378.000    +31.958
+379.000    +20.559
+380.000    +28.957
+381.000    +11.762
+382.000    +21.163
+383.000    +20.624
+384.000    -1.307
+385.000    +38.887
+386.000    +43.571
+387.000    +20.687
+388.000    +17.672
+389.000    +19.745
+390.000    +29.650
+391.000    +14.799
+392.000    +55.744
+393.000    +47.537
+394.000    +27.637
+395.000    +42.272
+396.000    +45.024
+397.000    +34.375
+398.000    +24.951
+399.000    +57.372
+400.000    +42.849
+401.000    +50.747
+402.000    +64.488
+403.000    +55.940
+404.000    +31.913
+405.000    +49.712
+406.000    +66.065
+407.000    +39.213
+408.000    +64.222
+409.000    +47.731
+410.000    +60.069
+411.000    +54.573
+412.000    +64.322
+413.000    +48.709
+414.000    +65.508
+415.000    +75.149
+416.000    +58.762
+417.000    +68.260
+418.000    +46.196
+419.000    +66.485
+420.000    +77.699
+421.000    +61.606
+422.000    +87.246
+423.000    +63.428
+424.000    +80.158
+425.000    +88.208
+426.000    +61.645
+427.000    +81.472
+428.000    +53.624
+429.000    +67.208
+430.000    +75.228
+431.000    +53.719
+432.000    +79.857
+433.000    +48.472
+434.000    +61.202
+435.000    +61.670
+436.000    +72.868
+437.000    +50.341
+438.000    +78.857
+439.000    +39.784
+440.000    +67.161
+441.000    +88.221
+442.000    +50.437
+443.000    +87.421
+444.000    +48.218
+445.000    +73.095
+446.000    +84.362
+447.000    +79.006
+448.000    +65.726
+449.000    +66.377
+450.000    +93.108
+451.000    +69.676
+452.000    +82.873
+453.000    +95.219
+454.000    +82.623
+455.000    +69.668
+456.000    +62.436
+457.000    +82.392
+458.000    +61.120
+459.000    +84.250
+460.000    +53.762
+461.000    +64.357
+462.000    +72.171
+463.000    +69.458
+464.000    +68.806
+465.000    +71.738
+466.000    +74.914
+467.000    +47.719
+468.000    +53.074
+469.000    +80.924
+470.000    +83.952
+471.000    +72.838
+472.000    +74.173
+473.000    +85.234
+474.000    +68.307
+475.000    +71.227
+476.000    +69.530
+477.000    +61.298
+478.000    +65.788
+479.000    +44.800
+480.000    +54.364
+481.000    +78.682
+482.000    +81.934
+483.000    +54.237
+484.000    +57.873
+485.000    +73.306
+486.000    +70.475
+487.000    +73.673
+488.000    +41.708
+489.000    +53.134
+490.000    +25.538
+491.000    +49.568
+492.000    +55.481
+493.000    +61.465
+494.000    +48.077
+495.000    +41.816
+496.000    +55.639
+497.000    +32.775
+498.000    +59.764
+499.000    +50.524
+500.000    +31.676
+501.000    +45.985
+502.000    +26.678
+503.000    +51.667
+504.000    +59.717
+505.000    +66.892
+506.000    +55.448
+507.000    +31.305
+508.000    +27.629
+509.000    +48.942
+510.000    +15.270
+511.000    +32.336
+512.000    +58.042
+513.000    +19.942
+514.000    +28.502
+515.000    +33.985
+516.000    +12.253
+517.000    +46.686
+518.000    +13.131
+519.000    +23.595
+520.000    +18.896
+521.000    +34.061
+522.000    +9.614
+523.000    +14.033
+524.000    +39.258
+525.000    +22.802
+526.000    +12.641
+527.000    +5.820
+528.000    +32.724
+529.000    +16.970
+530.000    +3.053
+531.000    -4.403
+532.000    +6.657
+533.000    +24.712
+534.000    +16.700
+535.000    +10.028
+536.000    -7.548
+537.000    -10.616
+538.000    -8.057
+539.000    -7.726
+540.000    +21.505
+541.000    -18.098
+542.000    +18.502
+543.000    -15.956
+544.000    -32.290
+545.000    -17.717
+546.000    -7.547
+547.000    -10.948
+548.000    -2.933
+549.000    -21.320
+550.000    -24.331
+551.000    +4.717
+552.000    -4.637
+553.000    -2.655
+554.000    -7.579
+555.000    -39.595
+556.000    -39.488
+557.000    -15.335
+558.000    -48.479
+559.000    -41.866
+560.000    -34.031
+561.000    -11.403
+562.000    -3.785
+563.000    -14.412
+564.000    -42.459
+565.000    -42.388
+566.000    -25.773
+567.000    -39.427
+568.000    -27.714
+569.000    -45.129
+570.000    -44.717
+571.000    -17.659
+572.000    -42.658
+573.000    -35.549
+574.000    -19.964
+575.000    -40.234
+576.000    -44.303
+577.000    -47.563
+578.000    -61.685
+579.000    -70.495
+580.000    -48.903
+581.000    -53.277
+582.000    -36.409
+583.000    -27.462
+584.000    -67.140
+585.000    -43.433
+586.000    -67.693
+587.000    -63.728
+588.000    -42.346
+589.000    -72.071
+590.000    -63.543
+591.000    -66.878
+592.000    -41.656
+593.000    -53.275
+594.000    -62.768
+595.000    -52.358
+596.000    -36.231
+597.000    -56.318
+598.000    -55.121
+599.000    -65.520
+600.000    -55.524
+601.000    -60.418
+602.000    -79.296
+603.000    -58.544
+604.000    -66.222
+605.000    -70.630
+606.000    -58.039
+607.000    -44.209
+608.000    -85.536
+609.000    -44.319
+610.000    -89.056
+611.000    -68.049
+612.000    -67.735
+613.000    -43.024
+614.000    -67.720
+615.000    -82.653
+616.000    -80.579
+617.000    -61.558
+618.000    -44.492
+619.000    -79.573
+620.000    -60.604
+621.000    -52.649
+622.000    -64.538
+623.000    -86.398
+624.000    -80.756
+625.000    -87.493
+626.000    -51.593
+627.000    -73.661
+628.000    -90.055
+629.000    -76.927
+630.000    -61.144
+631.000    -66.834
+632.000    -69.279
+633.000    -86.803
+634.000    -55.284
+635.000    -81.528
+636.000    -86.152
+637.000    -76.900
+638.000    -81.922
+639.000    -95.382
+640.000    -70.445
+641.000    -46.315
+642.000    -69.221
+643.000    -82.748
+644.000    -60.875
+645.000    -65.519
+646.000    -84.843
+647.000    -84.255
+648.000    -89.187
+649.000    -61.450
+650.000    -46.831
+651.000    -60.020
+652.000    -70.145
+653.000    -80.066
+654.000    -75.942
+655.000    -70.444
+656.000    -63.508
+657.000    -47.291
+658.000    -66.980
+659.000    -69.602
+660.000    -51.512
+661.000    -72.710
+662.000    -64.300
+663.000    -60.900
+664.000    -53.071
+665.000    -77.352
+666.000    -46.812
+667.000    -49.055
+668.000    -68.541
+669.000    -58.332
+670.000    -50.557
+671.000    -60.774
+672.000    -49.015
+673.000    -48.446
+674.000    -62.243
+675.000    -61.287
+676.000    -44.843
+677.000    -32.632
+678.000    -62.408
+679.000    -46.548
+680.000    -58.905
+681.000    -44.500
+682.000    -49.691
+683.000    -43.708
+684.000    -37.638
+685.000    -41.087
+686.000    -59.713
+687.000    -41.618
+688.000    -43.315
+689.000    -47.782
+690.000    -44.079
+691.000    -23.467
+692.000    -9.870
+693.000    -43.820
+694.000    -24.046
+695.000    -33.263
+696.000    -7.279
+697.000    -17.365
+698.000    -37.107
+699.000    -34.389
+700.000    -10.924
+701.000    -39.135
+702.000    +2.212
+703.000    -32.283
+704.000    -32.674
+705.000    -10.815
+706.000    -31.756
+707.000    -12.499
+708.000    -22.688
+709.000    -21.486
+710.000    -28.064
+711.000    -25.098
+712.000    -1.930
+713.000    -12.061
+714.000    -4.721
+715.000    -21.996
+716.000    +1.000
+717.000    +8.409
+718.000    +20.175
+719.000    -10.999
+720.000    -4.333
+721.000    +31.695
+722.000    +15.586
+723.000    +12.523
+724.000    +7.736
+725.000    -6.614
+726.000    +32.299
+727.000    +38.503
+728.000    -3.760
+729.000    +23.178
+730.000    +11.663
+731.000    +10.286
+732.000    -29.734
+733.000    +13.025
+734.000    +10.149
+735.000    +40.833
+736.000    +39.767
+737.000    +25.924
+738.000    +35.957
+739.000    +16.830
+740.000    +42.343
+741.000    +42.408
+742.000    +10.952
+743.000    +42.463
+744.000    +31.136
+745.000    +31.115
+746.000    +30.454
+747.000    +59.569
+748.000    +38.570
+749.000    +32.823
+750.000    +53.505
+751.000    +28.313
+752.000    +31.657
+753.000    +33.773
+754.000    +52.344
+755.000    +27.670
+756.000    +37.934
+757.000    +44.690
+758.000    +33.490
+759.000    +28.242
+760.000    +38.302
+761.000    +72.248
+762.000    +48.528
+763.000    +38.056
+764.000    +64.886
+765.000    +60.069
+766.000    +67.226
+767.000    +46.072
+768.000    +37.975
+769.000    +64.168
+770.000    +52.733
+771.000    +69.631
+772.000    +49.020
+773.000    +59.954
+774.000    +62.983
+775.000    +84.152
+776.000    +54.916
+777.000    +56.540
+778.000    +64.275
+779.000    +82.850
+780.000    +66.659
+781.000    +68.703
+782.000    +84.837
+783.000    +60.525
+784.000    +67.250
+785.000    +55.354
+786.000    +73.792
+787.000    +63.063
+788.000    +78.450
+789.000    +69.269
+790.000    +71.417
+791.000    +77.665
+792.000    +46.334
+793.000    +59.721
+794.000    +49.463
+795.000    +65.797
+796.000    +75.294
+797.000    +51.555
+798.000    +81.563
+799.000    +66.811
+800.000    +75.278
+801.000    +70.688
+802.000    +101.479
+803.000    +73.699
+804.000    +80.140
+805.000    +67.288
+806.000    +72.221
+807.000    +66.093
+808.000    +54.626
+809.000    +60.724
+810.000    +85.843
+811.000    +90.356
+812.000    +74.034
+813.000    +69.169
+814.000    +73.994
+815.000    +84.903
+816.000    +50.217
+817.000    +77.174
+818.000    +91.209
+819.000    +82.060
+820.000    +67.391
+821.000    +62.649
+822.000    +82.442
+823.000    +70.463
+824.000    +85.501
+825.000    +87.046
+826.000    +70.139
+827.000    +79.415
+828.000    +72.809
+829.000    +66.189
+830.000    +59.931
+831.000    +88.085
+832.000    +35.417
+833.000    +46.679
+834.000    +75.646
+835.000    +67.523
+836.000    +56.627
+837.000    +44.668
+838.000    +73.019
+839.000    +57.028
+840.000    +67.585
+841.000    +65.643
+842.000    +75.245
+843.000    +61.763
+844.000    +47.790
+845.000    +57.449
+846.000    +49.627
+847.000    +58.180
+848.000    +52.566
+849.000    +50.159
+850.000    +45.436
+851.000    +65.365
+852.000    +58.157
+853.000    +35.700
+854.000    +43.242
+855.000    +45.423
+856.000    +51.052
+857.000    +48.505
+858.000    +53.015
+859.000    +28.859
+860.000    +39.990
+861.000    +46.432
+862.000    +38.577
+863.000    +45.162
+864.000    +20.034
+865.000    +52.629
+866.000    +42.355
+867.000    +47.547
+868.000    +20.101
+869.000    +40.681
+870.000    +17.052
+871.000    +45.510
+872.000    +56.206
+873.000    +27.029
+874.000    +20.827
+875.000    +41.582
+876.000    +22.550
+877.000    +38.883
+878.000    +24.171
+879.000    +6.155
+880.000    +40.462
+881.000    +38.676
+882.000    +34.808
+883.000    +22.944
+884.000    +19.743
+885.000    +38.638
+886.000    -2.973
+887.000    +3.815
+888.000    -2.397
+889.000    +11.419
+890.000    +3.745
+891.000    +18.753
+892.000    +18.852
+893.000    +12.277
+894.000    -10.845
+895.000    +1.892
+896.000    +24.748
+897.000    +8.953
+898.000    +5.362
+899.000    +7.687
+900.000    -22.388
+901.000    -8.252
+902.000    -3.171
+903.000    +4.220
+904.000    +2.108
+905.000    +2.386
+906.000    -4.047
+907.000    -37.588
+908.000    -15.707
+909.000    -10.979
+910.000    -25.527
+911.000    -31.263
+912.000    +5.481
+913.000    -20.505
+914.000    -10.544
+915.000    -10.123
+916.000    -3.769
+917.000    -2.920
+918.000    -30.301
+919.000    -9.147
+920.000    -18.659
+921.000    -4.951
+922.000    -32.313
+923.000    -24.393
+924.000    -37.230
+925.000    -49.251
+926.000    -39.436
+927.000    -10.194
+928.000    -32.892
+929.000    -18.329
+930.000    -60.894
+931.000    -24.029
+932.000    -31.310
+933.000    -35.392
+934.000    -41.431
+935.000    -59.078
+936.000    -39.502
+937.000    -17.176
+938.000    -18.806
+939.000    -49.510
+940.000    -44.618
+941.000    -45.489
+942.000    -41.262
+943.000    -35.158
+944.000    -60.575
+945.000    -57.437
+946.000    -44.177
+947.000    -42.695
+948.000    -25.672
+949.000    -72.805
+950.000    -58.480
+951.000    -65.385
+952.000    -48.614
+953.000    -61.786
+954.000    -53.201
+955.000    -52.635
+956.000    -63.653
+957.000    -57.099
+958.000    -59.753
+959.000    -77.087
+960.000    -79.209
+961.000    -86.333
+962.000    -61.121
+963.000    -54.796
+964.000    -56.468
+965.000    -59.729
+966.000    -54.079
+967.000    -63.548
+968.000    -81.461
+969.000    -66.178
+970.000    -70.864
+971.000    -68.165
+972.000    -71.482
+973.000    -77.860
+974.000    -56.882
+975.000    -65.652
+976.000    -61.972
+977.000    -73.542
+978.000    -60.136
+979.000    -45.865
+980.000    -63.993
+981.000    -70.864
+982.000    -58.069
+983.000    -95.492
+984.000    -57.651
+985.000    -71.856
+986.000    -79.830
+987.000    -65.349
+988.000    -57.327
+989.000    -114.023
+990.000    -87.817
+991.000    -64.933
+992.000    -64.269
+993.000    -91.058
+994.000    -84.920
+995.000    -50.078
+996.000    -73.788
+997.000    -69.042
+998.000    -66.212
+999.000    -81.981
